0,575
0,574
0,573
0,572
0,571
0,570
0,499
0,569
395,36
395,35
10,131
10,141
10,151
10,21
11,10
11,16
8,5
8,7
8,14
8,13
8,1
8,15
8,2
271,5
8,3
260,3
260,1
248,3
248,1
210,6
210,1
183,3
183,1
178,3
178,1
163,3
163,1
130,3
130,1
124,3
124,1
123,3
123,1
116,3
116,1
80,3
80,1
73,7
73,4
73,3
73,1
70,2
46,3
46,1
41,9
41,1
14,70
14,69
14,66
14,32
14,30
14,29
14,28
14,27
14,26
14,25
14,24
14,23
14,22
14,21
14,20
14,19
14,18
14,17
14,15
14,14
14,13
14,10
14,6
20,2
14,5
14,4
13,4
12,3
20,1
12,2
12,1
11,28
11,27
11,26
11,25
11,24
11,23
11,21
11,19
20,3
19,2
19,1
11,18
11,17
11,14
11,12
11,9
19,3
11,8
11,7
11,5
11,4
11,3
11,2
11,1
10,294
10,290
10,286
10,260
10,237
10,236
10,219
10,218
10,209
10,199
10,198
10,192
10,184
10,172
10,170
10,166
10,164
10,162
10,153
10,144
10,140
10,128
10,126
10,120
10,111
10,110
10,106
10,72
10,68
10,67
10,66
10,25
10,3
10,2
10,1
9,7
9,6
9,5
9,1
9,4
9,3
9,2
18,1
18,3
14,1
14,9
14,3
13,1
13,5
13,3
